.Random.seed <-
c(10403L, 10L, -1766429518L, 1225351085L, 1405191015L, -166985586L, 
-377709208L, -176734869L, 1307807497L, 155738520L, -1987188538L, 
272742945L, 605651635L, -258551774L, -785200620L, 1321602711L, 
358539405L, 571168164L, 1700353930L, -1129262091L, -1289250225L, 
-959570602L, 2089900032L, -742323901L, 1129694433L, 1517952592L, 
465470126L, 900662873L, -955036053L, -1996692518L, 1101149340L, 
185917087L, 1293677813L, 383301004L, -413765534L, 634675261L, 
825842359L, 393199966L, -1916966760L, 2012230651L, 723452313L, 
-1330888152L, 1567830742L, 468268881L, 777517571L, 1268149650L, 
-1769145564L, 1119100391L, 1952774717L, -43379532L, -1767337190L, 
801847397L, -1449332481L, -1821146746L, 1568274192L, -1412607053L, 
-1826385839L, 1461789696L, 119022814L, 768546601L, -2112541989L, 
1393869290L, -1188599412L, 1974619855L, 1800270469L, 1957103932L, 
2042754066L, -807183603L, 2113833031L, 2023254574L, -302230648L, 
-629080437L, -571920279L, -463528904L, 313093350L, -1620863871L, 
-336149485L, 772903874L, 1652149364L, -1663221129L, -1651958931L, 
-1930060796L, 28481322L, 87581845L, 681186095L, -1381940682L, 
380687968L, -1144224605L, -140603455L, 1717930928L, -303075634L, 
925584441L, 809292363L, -678426630L, -848821508L, 1276938047L, 
781854741L, 328833836L, 1448013826L, -1029252387L, -590904873L, 
155307198L, -2086910216L, 1068561627L, 155019065L, -1957162360L, 
-1087113674L, -1759926671L, 1498043555L, 1062395378L, 2108173636L, 
-760246777L, 20048861L, -1027472172L, 2105170938L, 1275341637L, 
-1108217953L, 230024486L, -1732891216L, -631347629L, -2024332943L, 
1465911456L, 1595308094L, -1006104759L, 912766459L, -457197110L, 
202192684L, 701417263L, -1863170587L, 1707657372L, -773882638L, 
534328685L, -2061356377L, -2034557746L, 113127976L, 2010685995L, 
899139657L, 1138440536L, -922451962L, 479465953L, 738188147L, 
148631522L, -1236195500L, -1986844073L, -2105021875L, 1225346532L, 
1281992650L, -1364792779L, -887459697L, 1130000790L, -85988032L, 
1646764035L, 274113057L, 1145087248L, -526062866L, -640887143L, 
214226731L, -1190555110L, 714043612L, 1267985631L, 1094392501L, 
297733196L, 257167522L, 813780989L, -2131186441L, -100148706L, 
1137358040L, 212461627L, 1407832537L, -1733507224L, 577850006L, 
1386492945L, -206477885L, 1792190930L, 129081444L, -1452318809L, 
321073405L, 735814900L, 817529818L, -894863579L, 820264511L, 
-1405884986L, -1015217584L, -744808845L, 1833718417L, -181368128L, 
-895095650L, -272940951L, 1134378139L, -762481238L, -996330036L, 
581073039L, 570046661L, -1085245316L, -652921646L, 830082125L, 
-709575417L, -186343186L, -1115180600L, 535336651L, -1119738071L, 
-1565233288L, -1309109082L, 2000434881L, 411455315L, -1710740478L, 
-2105353932L, -858443081L, -1272262995L, -145989692L, -1178900502L, 
-715577259L, 1623635439L, -1780711946L, -230102240L, -1410947869L, 
-54451839L, 124057584L, -39430514L, -572982791L, -779521141L, 
1313267642L, 765251260L, -1516780033L, -989322411L, -628075412L, 
1579159746L, 253023005L, -188831337L, -1042393748L, -750423116L, 
628071442L, 796496352L, -907549748L, 753479904L, 273999906L, 
-1238033112L, -1649920500L, -1541102788L, 2016138226L, 439500528L, 
-286700988L, -1621660072L, 395449146L, -1590324752L, 1397276348L, 
1004346644L, -1882562878L, 1042817120L, 733259644L, 2083216336L, 
405560610L, -981424472L, 2044496780L, -1598178116L, -896866510L, 
185299520L, 903977140L, -469071288L, 1357544890L, -933039600L, 
-545808660L, -1509167788L, 453801234L, -1581188704L, -1097965876L, 
-18856352L, 1073869762L, 634733352L, 1937800108L, -1667268L, 
1821539698L, -706613456L, -26888924L, -1300899016L, 1396113114L, 
1337328528L, -1687856388L, -1137519724L, -913764286L, 617652480L, 
2070500412L, 67241296L, -131899230L, -489038520L, 2124888844L, 
-1497660708L, -2107489966L, -1849925504L, -1460761516L, -1987314712L, 
1623856378L, -1532444848L, 627773228L, 134266228L, 830463890L, 
-1924203424L, -241724020L, 47680352L, -1509939742L, 404677544L, 
916611276L, 2127297532L, -937029198L, -374596112L, 674971588L, 
1417208152L, -670714502L, 1365819312L, 371037628L, -1058249644L, 
693307330L, 229324832L, 14862524L, 149673552L, -291606558L, -833259416L, 
-1517035444L, -1017166596L, 1248827378L, 2053803264L, -528878220L, 
-1385617400L, 405009338L, -1808079408L, 1096921068L, 1125289364L, 
-1839654446L, -1963622048L, -55743668L, -1579157216L, 1726789506L, 
285738728L, -332738324L, 921057340L, 1084911474L, -248451472L, 
1375493156L, 1902614328L, 1073284250L, 832537296L, 1302055100L, 
-1183848812L, -337473918L, -567449408L, -580886724L, 4194448L, 
-15579614L, -213038072L, 105917708L, 2044165276L, 249463314L, 
1906742144L, 629855764L, -1179564504L, -2094977734L, -1178782256L, 
-1643880340L, -380209868L, -1564818798L, 1985193824L, 852582220L, 
-1107509280L, 2033380258L, -64472152L, -120776308L, -1319545668L, 
780165490L, -865492752L, -69672892L, 219917656L, -1730862534L, 
-2131857552L, 16309308L, 409967380L, -1675971134L, -524474656L, 
-229215364L, -1973955888L, 298591394L, -178436056L, -328427252L, 
1586308028L, 1945212210L, 1947931072L, 1243140660L, -1124046904L, 
2082182330L, -1595917936L, 193864172L, -1056862636L, -729494382L, 
2079079200L, 1222128076L, -972304928L, 1841749698L, 2133458984L, 
1773743788L, -882528068L, -24496654L, -669471440L, 1711232164L, 
1073763000L, 374671706L, -392973936L, 1129332604L, 1754446100L, 
880377666L, 445030144L, -1423268932L, 700582736L, 2122346274L, 
1532642632L, -1827994100L, 1799270492L, 349067474L, 95274496L, 
-449836716L, -70257176L, 1394045946L, 1179565264L, -1823626964L, 
-1903634700L, -1914677870L, 1502527584L, -1249786612L, -214084896L, 
-344345246L, 500181672L, -214363572L, -511152772L, 85504306L, 
178076784L, -678616252L, 1915664856L, -1487565702L, 2019597872L, 
-6147396L, 212151124L, 70410306L, 272705952L, -1755015492L, 913544656L, 
-815288990L, -2147147800L, -1325142068L, 9435900L, -1055461902L, 
-568761216L, 531128564L, 1942897288L, -1634892998L, 806289232L, 
1419932268L, -1174030188L, -2003820206L, 1311531890L, -177057856L, 
-1733926871L, 602881179L, 2015132012L, 1653092730L, -1157545297L, 
-553395783L, 1237795790L, -501449956L, -675425651L, 663476983L, 
899091968L, -1491195810L, -539245781L, -450490323L, -1990969190L, 
254356568L, 698006465L, 1977439347L, -868614764L, 1953727522L, 
-749178057L, -2061150719L, -1038649594L, -316388540L, 1046052469L, 
1212088287L, -77901000L, -511052522L, -557840093L, -948456731L, 
1866029826L, -258264720L, -883500775L, -1630758645L, 435943932L, 
-2102226390L, -831749537L, 1297867241L, -1313477890L, -204274964L, 
-109260227L, -158076409L, 1819882992L, -405580402L, -1871983685L, 
2075346333L, 1891183434L, -5738648L, 1811906897L, 1230262851L, 
-2055874748L, 1098275826L, 76272071L, -1607759983L, -500740330L, 
-2081252492L, 806740485L, -1913294257L, 1587654216L, -1744039962L, 
-594312941L, -1027756427L, -578739118L, 2013261472L, -486765687L, 
-64596037L, 1710856204L, 848655770L, 882537743L, 36469593L, -1970051602L, 
1304027260L, 141239533L, -1604324457L, -1192514464L, 723897918L, 
1767909131L, 1572773261L, -2040092998L, -1277147912L, -1353624927L, 
42611283L, -862302860L, 441443074L, 1309868951L, -1220172447L, 
1448617382L, -470722652L, -958410155L, 1164354303L, 1916807064L, 
-137172810L, -1328825021L, -2013062011L, -1660689118L, 1014771216L, 
1178275257L, -947777941L, 1336525148L, -1040025462L, -968593281L, 
1403429321L, 1583080030L, 146585868L, -1852162851L, -1380206105L, 
-831905264L, 503234350L, -1019903013L, 1561171133L, -434174422L, 
-1571046712L, 2131795953L, -1816604317L, 815595876L, 1423205522L, 
1106303335L, -1178584271L, -958939018L, 618895764L, -271385179L, 
1483503279L, -691433624L, -621042874L, 1814549235L, -1422734251L, 
1635205170L, -1902330368L, 1331179241L, 1431743835L, -1122967636L, 
-617421894L, -1972314769L, -794364167L, 1574776718L, -1811682724L, 
-206247731L, -521275337L, 1435787968L, 664655262L, 1531663979L, 
-1213510163L, -1102324646L, 1368451864L, 1868255361L, -888003021L, 
