.Random.seed <-
c(10403L, 10L, 1414032103L, -1810530499L, -1979351116L, 1431561242L, 
-1701576859L, 1373364735L, -18699130L, -75943920L, -1857523021L, 
-161124015L, 1499058432L, -254127138L, 2981929L, -1137092645L, 
308184298L, -1488297332L, -765166129L, -109235835L, 19728956L, 
1505783570L, -1239624691L, 368402247L, -330179282L, -1386554232L, 
-1032025717L, 1229033833L, 940399416L, -1309375002L, -1931878015L, 
1443296531L, 1229025986L, 1202118004L, -312582793L, -1151375763L, 
1111091460L, -518063062L, -1068740203L, 1466369583L, -2087705802L, 
-14853280L, -129277533L, 1126916801L, -1024165200L, -1123895858L, 
1143826745L, -1431829173L, -1336914182L, 1483816956L, 68960319L, 
425589013L, -1851129300L, -229306622L, -406397987L, 2049267415L, 
107880894L, -409598984L, -838436901L, 1954171449L, 1153223560L, 
1939667766L, -1549309583L, -893926493L, 1305727730L, -23580092L, 
1763024135L, 303719645L, -133770796L, -537004806L, -189076411L, 
1316879519L, 683253286L, -805234000L, -1719171245L, 1767490161L, 
-1491497056L, 571975486L, 1198124617L, 385354491L, 133413578L, 
1692724268L, 762704943L, -905421595L, 230446492L, -1696163854L, 
245121645L, -357677145L, -222905906L, 1171099432L, 1259029803L, 
2116101961L, 837807192L, 767547654L, 207742177L, -709835661L, 
-884633374L, -1413302188L, -218112681L, 208465229L, -2099334940L, 
-323818294L, 1259815221L, -1802451057L, 1688310934L, 406346816L, 
1702268163L, -2055864031L, -1935521264L, 1759810030L, 134464921L, 
1592730155L, 631624474L, -1751963172L, -29155361L, 694282165L, 
-110132916L, -768342110L, -1309200643L, -1237057545L, -1880684258L, 
-1658145832L, -1656924869L, -1285475623L, 2040999528L, -649613418L, 
1289411345L, 1017115843L, -550011694L, 1698081124L, -1238643545L, 
1978741245L, -1285104652L, -322841382L, -426625499L, 114469695L, 
825903302L, -500234928L, 1018998131L, -2071791727L, 716900800L, 
-1123431522L, 796046697L, -368874085L, -1691750230L, -192966964L, 
-1732153457L, -619840571L, -1830805636L, -2101846062L, 131739469L, 
-116224505L, 1412107758L, -2128987960L, 16955339L, -2139389399L, 
-1757675400L, -560898650L, 288655297L, -338723757L, -529198334L, 
682112564L, -931859529L, 1201288109L, -544704316L, 1321942250L, 
1653076821L, 1291887855L, -525047050L, 1529452064L, 1084541923L, 
-697270143L, 1077542640L, 1954475406L, -721763591L, -1117437813L, 
-272136006L, 1408777148L, -1220148993L, 1759994965L, 1892265836L, 
1996193730L, 1575360541L, 1450502295L, 84784638L, 2006525368L, 
-1121949285L, -847777799L, 1902344008L, 127832694L, -593122383L, 
867685859L, -95769934L, 1295124228L, -667509689L, 58063645L, 
1679171988L, 89343290L, -41199227L, -404325793L, -1414570778L, 
387846000L, 1365905555L, -935404239L, -926749728L, 1049335934L, 
1261937417L, -424073925L, 1756248330L, -1354299156L, 138818927L, 
-1276732763L, 1421915228L, -397749198L, -873090259L, 645949927L, 
490878222L, 1256245992L, 290194667L, -1257136759L, -2141209320L, 
-1542168506L, -876066655L, -1962799309L, -2064171358L, 457829780L, 
-1915816937L, 820548621L, -1198849756L, -1665440456L, -94501158L, 
847615888L, 184312572L, 1406532500L, 1400947778L, 240045312L, 
-1282441156L, 1827245392L, -172854110L, -2078180536L, -1452527860L, 
-2123387172L, -406190254L, -2044639616L, -1419382700L, 873022440L, 
-2097960198L, -1833743024L, 1156290348L, 1058704244L, 405963666L, 
2035206752L, -1486893172L, 1082087264L, 599129058L, -660042840L, 
-268620596L, 564972028L, 1475547058L, -635626000L, 1927626180L, 
237318488L, -1229994630L, -568287824L, -612252740L, 1578264660L, 
419946434L, 303306784L, -1200361284L, 527833680L, 347740130L, 
1819041384L, -1756307892L, -1546491652L, -1680232462L, 556983552L, 
1661934452L, -1384982520L, 60221882L, 495357392L, -1240738836L, 
282291092L, 485673938L, -1245679776L, -952698548L, 1599676704L, 
1062072194L, -1459532056L, 1829419244L, 420462140L, -1628429454L, 
-1877883280L, -94114780L, -1773740232L, 1204617370L, 1893172944L, 
-1679973188L, 1871415956L, 4217474L, -547663680L, -1469553348L, 
118360208L, 2022293026L, 1753741832L, 640488716L, -832675172L, 
574756370L, -678235776L, 1138647572L, -987103704L, -1020837574L, 
-1985291312L, -1038119316L, -386893004L, -2102775150L, 1359250784L, 
1228420428L, -945642528L, 1736728482L, -1049124952L, 196800396L, 
-116196676L, -1059513486L, 2002157808L, -724235196L, 96955736L, 
556224570L, 1080738672L, -471051204L, -987010284L, -814920254L, 
-369914656L, 1475049340L, -1392929072L, -837412190L, 225727528L, 
1090502924L, -1059697732L, 1471644978L, -549554240L, -549198284L, 
518450120L, 677848250L, 218613648L, -351098388L, 31331412L, -669410670L, 
1275194144L, -523902516L, 366369760L, -1855400254L, -969697752L, 
-112906580L, -1776744772L, 930611698L, 56367408L, 1563805860L, 
122649272L, 342400858L, 251149712L, -1454920324L, 1159221524L, 
293481794L, -699665664L, -1783059524L, -1024388272L, -2020694750L, 
-1871189688L, -777417716L, -1846035364L, -220584750L, 975184896L, 
-70031532L, 2132941288L, -1181484038L, 1965083344L, -609499860L, 
-1337811724L, -436739182L, -84022176L, -1721501428L, -770630944L, 
-699701918L, 1711781544L, -1867809204L, -1267231876L, -1350475982L, 
1958929008L, 310563140L, 955271128L, 563545210L, 1522690608L, 
721989308L, -2047881388L, 710295106L, 2036170656L, 1418370236L, 
-1910959664L, -875454110L, -745347096L, 1242266572L, 520019708L, 
-273857550L, 52417664L, 851632372L, 1522725000L, 1554493754L, 
-1846439088L, 1947246700L, -200975212L, 1254450514L, -1876720928L, 
1075326156L, 762031264L, -1064211070L, -1327858456L, 264670444L, 
1125468220L, 1654635634L, 386661488L, 147341860L, 87414328L, 
277324314L, -1652345648L, 1074873916L, 2005553300L, -790512510L, 
1335335872L, 2063544636L, -474603888L, -1378593758L, 521330696L, 
516727948L, -433519588L, -905318254L, -1413798784L, -140399596L, 
-582731992L, -1847732166L, -1547867952L, -1097750420L, 1032609460L, 
977972242L, -1540852768L, 1628562380L, -803442208L, -202954718L, 
153298216L, -669249268L, 588087868L, -2147432206L, 1625312496L, 
1251252036L, 480357464L, 444433978L, 1543557360L, -745099634L, 
1710024891L, 1246338205L, -252358582L, 1307292264L, -518554031L, 
49956163L, 892908612L, 103331570L, 618610375L, -1505835887L, 
1080506902L, -915150732L, 1243720453L, -1191706289L, 1444823880L, 
2131178214L, 1554457619L, -1064412299L, -691225774L, 1135389600L, 
-1083359607L, 476269243L, 729886988L, 1820871834L, -1862643185L, 
-926828967L, 1286163182L, 736903548L, -1948225043L, -1789100393L, 
-954050208L, 1251466558L, 705236491L, -1164969331L, 1836693434L, 
2092189176L, -585162335L, 987694931L, 2077181556L, 1408862210L, 
-435490153L, 1489804385L, 516339878L, -1785354076L, 507535701L, 
1666449919L, -251463528L, -2034080330L, -378089917L, 1704129413L, 
506140706L, 1986566928L, -2051000647L, -2020177045L, 51012188L, 
730414986L, -593203329L, -1394179383L, -1205916834L, 142659596L, 
1096499165L, -1655534873L, 892707600L, -1430537682L, -991452965L, 
1214930365L, 760163114L, 479159240L, -580099855L, -1449058717L, 
2054351460L, 1297107346L, -1236785561L, 1127753265L, -600925322L, 
-1366593388L, -1780777307L, -593302609L, -606173080L, -540566458L, 
1417517555L, -2030688939L, 1610526514L, -199302400L, 2069628905L, 
1329224283L, -1730591572L, -996287814L, -1294249873L, -679612935L, 
-1295058802L, -115027620L, 1319774669L, 1655721271L, 1574002624L, 
553539742L, -729875093L, 2036966637L, 1098716506L, -127068648L, 
884097921L, -1275225805L, -1529481388L, -769601182L, 860543479L, 
1484610113L, -980177210L, -1142525948L, -1696653387L, -2101440353L, 
1427328248L, 236303574L, -1128651421L, 1378177317L, 890554050L, 
165938096L, 546217945L, 850434379L, 278814652L, 1210546154L, 
755408927L, -1217485143L, 1406859838L, -222705876L, -1368399491L, 
1126956999L, -1719138640L, 131933390L, -1894281733L, 1635006045L, 
1271185802L, 542030248L, -246188271L, -1936095741L, 1405862148L, 
-1738689230L, 428876679L, -729828911L, 929467222L, -1087209164L, 
514515013L, 1501915279L, 1577797128L, 1690937894L, 1731541715L, 
