.Random.seed <-
c(10403L, 10L, -471212953L, 972920253L, 326616884L, 1152431258L, 
221772517L, -242277249L, -1135919610L, 284600720L, -1204915149L, 
-1058776111L, 409997696L, 776617054L, -1226327127L, 1870283355L, 
592041578L, -593773812L, -2125927089L, 632108549L, -2015773508L, 
-1127252590L, -1569196403L, -569570105L, 1192454574L, 401150984L, 
973391883L, 8772841L, 1991359416L, -754391962L, -1172814591L, 
-2077359213L, 361301058L, -1476011020L, 728487415L, 28142061L, 
767486596L, -875131734L, 325687829L, 1461323439L, -990026570L, 
-1349537056L, -1719120349L, -2051698367L, 965897264L, 810178126L, 
-1985305927L, -88549685L, -746901638L, -1012787588L, 1732285119L, 
210023317L, -461884500L, -1697597054L, -330186915L, 834392663L, 
-1478141634L, -1190774408L, -184364453L, -1244957255L, 370345992L, 
1640217270L, -1143705103L, -105256925L, 1442556018L, -1095943484L, 
391335047L, -1414823843L, 745358932L, 134882426L, -729182267L, 
-1047080673L, 635338918L, -1871699408L, 335452371L, -1168484623L, 
-403409376L, 1570562238L, -370613047L, -32141701L, -1966326710L, 
143131820L, 1149428655L, -594917531L, 768990492L, 1801151858L, 
-1869206035L, 1125343783L, 1333998158L, -473925976L, 211979435L, 
294874569L, 805396952L, -1077127034L, 1641792865L, -1895876365L, 
418490210L, 441512404L, -1166650153L, 1188058829L, -1800675740L, 
289545290L, -801572427L, 1550992655L, -1607847402L, 1438264512L, 
-2049627517L, 1310971553L, -1110452080L, -927747218L, -65766119L, 
128740779L, 417344410L, -734166180L, 646300255L, 1141164597L, 
-2110754356L, 256985378L, 1476758397L, 535701623L, -1756627554L, 
928658520L, 1224487355L, -2092087463L, 89728232L, 1662799126L, 
1961455249L, 1499571011L, 1190600274L, 1103311076L, 802784039L, 
1508054909L, -1204454796L, 633422938L, 1108688037L, 821749439L, 
2002648390L, -654081072L, 392629747L, 1108150545L, 928757056L, 
327611678L, 2073694697L, 356868891L, -480613078L, -193272244L, 
1742307855L, 1970664773L, 1344165628L, -786682542L, 513245901L, 
184375943L, 1653489006L, -1377994936L, -528886965L, 2141911721L, 
2075463672L, -1301782746L, -479584191L, -1351773741L, -1116832894L, 
-987639884L, 826165047L, -1054532051L, -257863868L, 1891322986L, 
-1268631851L, -1915576209L, -1714708106L, 33860256L, -2140072093L, 
1116683265L, -826153104L, 1769484046L, 786090361L, -284885749L, 
413173306L, -7381700L, -989506945L, -1297819179L, -212625428L, 
-198301374L, -1225902435L, 1294443287L, 1705341566L, 2038497848L, 
1963906331L, 1506157177L, 1179999944L, 605066998L, 6340401L, 
899200867L, -1154110158L, 1782566532L, 1685465799L, -441562723L, 
1023335700L, -986926150L, 225039877L, 954931167L, 178679398L, 
-406046224L, -1683286253L, 1016354993L, -1831793824L, -798492418L, 
-1292752759L, -1135855685L, -1045646966L, 265494636L, 560611823L, 
-1240180187L, -274764068L, -431405902L, 2006534061L, 963804007L, 
1445255310L, -451734168L, -1379416725L, 1933092617L, -1647453800L, 
1303756998L, -827497951L, 1158605491L, -563144670L, 1227366932L, 
1334781591L, 607467661L, 1766645156L, 1116615224L, 243672794L, 
-1544645744L, 307824892L, -535019116L, -489057470L, 1069046272L, 
715609148L, 974330448L, -1513409374L, -1637828792L, 466247180L, 
284290780L, 1818775634L, -2010480512L, -1646908588L, 327767016L, 
295174906L, 697986896L, -2108362708L, 1845387636L, -1518157166L, 
-1813228960L, 464704652L, -305158816L, 575334626L, -165334872L, 
-259380L, 1039873532L, -8183886L, -1129347088L, -1995643452L, 
-1730389672L, 738784634L, -1482730064L, -162874948L, -205551020L, 
1360473538L, 853056288L, -870904900L, 1016259664L, -449638430L, 
-521890968L, 1862092620L, 1708501756L, -413009166L, 1343475968L, 
-765397900L, -1093055992L, 1940052410L, 304540112L, -1399747604L, 
1097594772L, 1782291666L, 648890464L, -328183476L, 2002417440L, 
-1340843390L, -1220384280L, 1628435436L, 779521596L, -1597101454L, 
-1327059088L, -784678620L, -1643844040L, -371548774L, -440728112L, 
4858300L, 752128660L, -110336382L, -1352453696L, -1431146692L, 
-226793840L, -23579870L, 1784055304L, 1862727436L, 11229084L, 
-1059074030L, 2122670976L, 244190996L, -257038040L, -82481094L, 
-210548784L, 66407020L, 1398856756L, 83788946L, -1033474720L, 
-1536585396L, -1106019872L, 552251298L, -1497182296L, -1423334260L, 
-556653636L, -661800846L, -1958648848L, 2109366340L, 313787480L, 
200958010L, 1798103152L, 725824060L, 2046065428L, 1784225474L, 
151809760L, 906007676L, 209641680L, 344789922L, 1714455080L, 
-1452882676L, 1078463420L, 2128463154L, -1346085696L, -1816228300L, 
-964331832L, 334452410L, 1612079248L, 1801439980L, -518899116L, 
302694034L, 1557674784L, 918031308L, -1357910816L, -500716862L, 
-1038241752L, 670190508L, -498267460L, 1883829746L, -103954896L, 
263180196L, -475032136L, 318766938L, 657139856L, 1238035324L, 
-679763180L, 1028780354L, -1805499648L, -1586593860L, -1942019248L, 
320517410L, -829403576L, 1620301836L, -893149092L, 840853970L, 
342755840L, -2116091564L, -142641944L, 354577658L, -73058608L, 
-1651368660L, -246544140L, 177014162L, -1771849376L, -1261037556L, 
1801711328L, 1221872226L, -1299882328L, -252168628L, 1980390268L, 
-515517134L, 1123638896L, -1733653692L, -675245096L, -558878854L, 
1727599152L, 2100349884L, 1528635988L, -1739109310L, 1974106272L, 
181187260L, 283712976L, 1044805474L, 648098536L, 712840396L, 
-1658204676L, -2028570126L, -1926883712L, -631912972L, 513499784L, 
-980682950L, 792895312L, -394847124L, 532049300L, 901422162L, 
-1379210784L, 563115212L, -201539424L, 1648830850L, -1599031064L, 
1902752492L, -442944196L, 845413490L, 1344726128L, 1871621156L, 
-825196488L, -1234085094L, -1242571568L, -1501557956L, -1688864876L, 
288149378L, -523295296L, -42388932L, 586967440L, 605760034L, 
765103368L, -1808377204L, 384452380L, -1654120302L, 1855496576L, 
1818100244L, -44154072L, -1901459910L, 28019152L, -976038548L, 
-716446796L, 1812286482L, -1164889632L, -621591604L, 1432404192L, 
1745180706L, 822144296L, 383907340L, 933753660L, 1512080370L, 
1000619760L, 610499140L, -1482269096L, 863220538L, -1274461712L, 
1259696910L, -2091491269L, -812495075L, -655524406L, -901998872L, 
1164507601L, 982412227L, -1392499516L, 95779698L, 814679623L, 
-528779759L, -458836074L, 551054068L, -998491003L, -1350852145L, 
1059665096L, 453514598L, -298317933L, 1435511029L, 2061467858L, 
1788505888L, 1923600137L, -110241733L, -1431892596L, -368966630L, 
-1458186097L, -1805078567L, 776392814L, 1295913980L, 1346814317L, 
-2085086441L, 96668384L, -396396354L, -1767860597L, -1573933811L, 
1800913210L, -615976584L, -763018463L, 2068911059L, 1024834292L, 
1866306434L, 407970327L, -1872686879L, -1848328666L, 651040548L, 
500938709L, 991997823L, 1062205976L, -101770954L, -1319983165L, 
88376837L, 1557095842L, 451111312L, -381447879L, 96134635L, 1311368924L, 
332075786L, 1739701759L, -760839095L, -570214946L, 1291601292L, 
2028704093L, -159848089L, 1414937232L, -2120960850L, 1159333211L, 
-2033505987L, -1723100246L, 1408263240L, 1201278065L, -46773789L, 
236397796L, -2023522286L, 146256871L, 96197553L, -92195338L, 
1231329300L, 1638692645L, 1815351343L, -1188152856L, -2125766970L, 
1192992627L, -1409746987L, -1255354446L, 207280512L, -461209239L, 
-425064997L, 1021148460L, -279443654L, -1805796881L, -1572692871L, 
16035598L, -1780847908L, 1262070093L, -2073566025L, -1186120128L, 
1633349406L, -1317526037L, 1391106413L, -478545958L, 1935749528L, 
-1414504447L, 996774323L, -1476425516L, 586173922L, -105146249L, 
535809473L, 1319413574L, 1744417412L, -1356571595L, -36479969L, 
1658862456L, -1237646762L, -471167261L, 377776293L, -674809534L, 
-898203856L, -1757959335L, 1773371595L, -737423044L, -1398268566L, 
493189023L, -592027095L, -440873794L, -1964730964L, -491230467L, 
-1506695609L, -1731119824L, -2090514866L, -1462602117L, 1704261085L, 
-538164214L, -2008034008L, -110691439L, -152740477L, 421911172L, 
-1400641358L, -1820739577L, -545844143L, -697039914L, -1125197132L, 
-2021135675L, 400436239L, 1423674504L, -1231618650L, -513591981L, 
-719040843L, 1303716882L, -4368928L, -500549559L, -694018437L, 
