.Random.seed <-
c(10403L, 10L, 1978266232L, 481623974L, -1848297023L, -673493421L, 
-89832190L, -386161612L, -906758729L, 1576819117L, 985234116L, 
-945479958L, 1409118549L, 1575905007L, 1827198198L, -355539936L, 
-1246587421L, -1850014079L, -1594838800L, -115789938L, -869523207L, 
-1539126645L, -2089891142L, 21702076L, 743968511L, 1222017621L, 
444577132L, -1005470270L, 373636637L, -78854505L, 1482838014L, 
-988972104L, 1961539483L, -653853191L, -628179640L, 1308194934L, 
-1546238543L, 594725859L, -1011148622L, 144553220L, -754117049L, 
430948637L, -1642639468L, 1676784442L, 1795555205L, 1091374175L, 
-1706375450L, -900567696L, -446572909L, 1556762417L, -73591328L, 
1144926846L, -2092056311L, -1181342917L, -1430529270L, 2109469420L, 
105066351L, -1613893467L, -1591657892L, -1987347918L, -100224723L, 
-743819289L, 2084937486L, -1366863640L, -767737109L, -626553975L, 
-853608680L, 2109209158L, -455542111L, 272923955L, 785163426L, 
-914437228L, -894701033L, 227538445L, 300503844L, 997125898L, 
-528440715L, -303849009L, -333452586L, 1321488000L, -1649446717L, 
-1454264735L, 304752336L, 1801265198L, -1781791271L, 675650027L, 
-462746534L, 1775638044L, 2094962463L, -1629557899L, 1401958924L, 
1308476386L, -28733251L, 874544951L, -1036867618L, 329692440L, 
-2032215941L, 1568005657L, 118961832L, -568847274L, -262786863L, 
-1335079805L, 884256530L, 1929738916L, 1359971943L, 1530304445L, 
-1132574412L, 787229338L, -2031261467L, 435804799L, -1225538554L, 
2001311632L, -474588621L, 1687212497L, -1411198080L, 89525854L, 
-420186711L, 414454875L, 1728982122L, 2003973388L, 2129876815L, 
-406699003L, 2060729020L, -951497838L, -1706096499L, -921727289L, 
-691222610L, -1503866360L, -1113106933L, 37527273L, 538835384L, 
1739241062L, 1593594625L, -51620461L, 1136012866L, 665145844L, 
641477623L, 1570344941L, 987527300L, 436002474L, 318723093L, 
-834304849L, -670938442L, -2111289120L, 113538083L, 445918017L, 
-1802750416L, 220283982L, 623004857L, 2057406667L, -1902078598L, 
-1787058052L, 2050096319L, -1025164907L, -1324969556L, 1722852226L, 
737855837L, -1295005609L, 1475870526L, -1663965320L, -1546531749L, 
1355496377L, -1115895288L, -253570890L, -705099791L, -91598301L, 
-1092248974L, 1376460996L, 586917511L, 1358208605L, 221102164L, 
-1965776262L, 2045114821L, -245675233L, -721000794L, -1058637776L, 
-1359090989L, -2012692239L, 1442917408L, -139019586L, 764137161L, 
-629027717L, -1160519094L, -708012372L, -1116122705L, -1387169435L, 
-1667963108L, 645655410L, 1612056557L, -230184921L, -1481920434L, 
-1977600856L, 502053547L, 1883393993L, -2019351592L, 952353414L, 
-1168977055L, -1377904909L, -522417822L, 2005039060L, -1249770793L, 
793757901L, -1309261724L, -229675446L, 1609923509L, -898709745L, 
-1001827306L, 973078208L, 345680003L, 139019425L, 1346857616L, 
1893898606L, 1912813337L, -1366037589L, -1037895270L, 1696210268L, 
800945247L, 1984228405L, -803637300L, 522855202L, -1830888067L, 
1637215863L, -596158562L, 82769496L, -823959621L, 1590407513L, 
-381883672L, 1186837270L, 413807761L, -473070936L, 806545996L, 
249292668L, -2097632462L, 107507312L, -1960223420L, 1895246808L, 
666386554L, -736209360L, -1726162244L, -2065344684L, 1816066626L, 
-313566304L, -1059604292L, 1881485776L, -2049227422L, 26469352L, 
-1247336500L, 939353852L, -1800630286L, 1470872704L, 1183598836L, 
-1109945208L, 348566842L, -2142567600L, -295752596L, -1598820204L, 
-1564423854L, -523215136L, -614031156L, -602564448L, -280438398L, 
1533966568L, 2019846380L, 65464380L, 1808654450L, 2070866032L, 
1377231396L, 639943224L, 1960180250L, 502816976L, 230721084L, 
-1072460652L, 2003813506L, 1500080064L, -63767236L, 2124025488L, 
2127619106L, 2005422088L, 664181900L, 397217820L, -397527918L, 
693431424L, 690471956L, -1181678808L, -1940499398L, 1203006672L, 
-704883604L, 1680271028L, -445878254L, -752271392L, -1650218036L, 
1538530784L, -1683432414L, 1819387176L, 689019148L, 1648496188L, 
1772025074L, -2130442000L, -1129756860L, 254873688L, 1818362426L, 
-36980496L, 1878725308L, 775715348L, -1603556158L, 1052657248L, 
1199756668L, 466973904L, -1618738142L, -1507645272L, 887524748L, 
309981628L, 378378290L, 226083648L, 1957482164L, -1797381816L, 
-325827910L, -1331626224L, 916381932L, 1568270420L, 1039787794L, 
321364384L, 1796491212L, 1872977760L, 1677917378L, -367489496L, 
-1820976724L, 210658108L, -1217547406L, -617205968L, 287760420L, 
-136573384L, 1742590682L, 1696937872L, 2113418492L, 887643540L, 
1991619394L, 1161701888L, 335472700L, 44438096L, 231575714L, 
1872307016L, 1794443788L, 250108636L, 570298450L, -1736168320L, 
515729236L, -1284468760L, -676658438L, -2143598768L, -730389460L, 
1194170740L, -2065854830L, 877126240L, -899870580L, 845320544L, 
728570082L, -1187730264L, 504014540L, -1856300548L, -399647822L, 
-605428752L, 645845444L, -1655927464L, 1411883386L, -940887632L, 
1496009148L, -1114505644L, -671196734L, 34677536L, -1028164676L, 
-1892749232L, 1827232738L, 2085289832L, 355202892L, -1031762180L, 
1917556466L, 1922317568L, -495055756L, -539390456L, -1364834886L, 
864679376L, 545634284L, -1945465964L, -1317779246L, -842079136L, 
-1557361332L, 1012912928L, 1352776322L, 1533018600L, -1207256084L, 
370818620L, -147888526L, 581512048L, 2137005348L, -1256719816L, 
1766207898L, -487608880L, -2116500036L, -1055428972L, -1581702526L, 
575036864L, -904939716L, 1547645584L, -1995770078L, -1402538488L, 
-2077752564L, -1413889124L, -508191726L, 45738880L, -1387963628L, 
938865960L, -2022428614L, 1751696336L, 705231468L, -1740665804L, 
-1058688878L, 1633745248L, -1749951156L, -998713888L, 617372578L, 
529619880L, 2016468108L, 442889148L, -1880742798L, 1203734512L, 
1153213508L, 555157592L, 190513210L, 321816688L, -963510724L, 
-1292343532L, -1801270590L, 245797600L, 1585235068L, -983593776L, 
1509872546L, -1862414808L, 65634572L, -1551235140L, -853053134L, 
1161353408L, 853398068L, -918250808L, 1646150330L, 521915536L, 
1796097772L, 1271436884L, 100935314L, 447309600L, 658880460L, 
333965536L, 1061392066L, 1959040040L, 2077334444L, -674592068L, 
-356169191L, -537860050L, 421111356L, 1055824813L, 5772375L, 
1997349280L, 1737308926L, -294364725L, -2019909683L, 1770058490L, 
-189650632L, -791547167L, -98118253L, 808287668L, 752811714L, 
317279959L, 1516576545L, 1086863078L, 64409572L, 1778425621L, 
746854207L, -1558134056L, -1667070218L, -2099236605L, -170028475L, 
391291490L, -947486256L, 1981308665L, -1443537877L, 1962711964L, 
-202763318L, 1130458303L, 634310153L, -1481636066L, 1451716300L, 
-1423544675L, 943663911L, -1717205680L, 1143876590L, -676440933L, 
417398525L, -433863190L, -180283768L, -780951503L, 1066236579L, 
1924580004L, 814142290L, -2047198553L, 873408241L, -706492874L, 
1955351252L, 526343781L, 2107944047L, -927967576L, -150989818L, 
1255407923L, 839392661L, 102289906L, 389717568L, 1686241193L, 
-2145820133L, 886512620L, 2079153146L, 881203247L, 1778194489L, 
-465081778L, 2127211164L, -1628327923L, -1514099593L, 2012769408L, 
1452018398L, -467158613L, -1302842707L, -142989542L, 308082648L, 
926151745L, 1145897715L, -850000620L, 1657745570L, 360197559L, 
-640605823L, -1516284026L, 577574340L, -79158027L, 814853471L, 
-479019080L, -545631594L, 367918243L, -139487643L, -1229900926L, 
355840240L, -88729447L, 1045557387L, -921314948L, 1132857258L, 
-1522657313L, -1941940887L, 435439998L, 523106668L, 223191485L, 
-1025297785L, -674478480L, -1369395954L, -1386540485L, 1881454877L, 
-1845900342L, 897909992L, -1540687919L, 828189123L, -1261718844L, 
1678119282L, -2052580281L, 1398509585L, -844916330L, 312089844L, 
-473131387L, -1595924529L, -174928184L, -1918130330L, 1371479443L, 
-1902100747L, 1546477266L, 1520208160L, 1227319561L, 528825915L, 
532919180L, 896356890L, -899476849L, -693781031L, -2122538386L, 
-2042269188L, 126100333L, -333001449L, -1706612512L, -830927170L, 
-1872995189L, -1165649139L, -1155224774L, -1946877064L, 571674913L, 
1542355411L, 1068689652L, -93001342L, -1817592809L, 1473219297L, 
-1706863578L, -584715996L, -1784778283L, 507227519L, 2015007768L, 
